  EEPROM details for XCVR         : xcvr-0/0/1
  QSFP-DD Lower Page              :
  Addr   0    1    2    3    4    5    6    7    8    9    a    b    c    d    e    f
  ----   --   --   --   --   --   --   --   --   --   --   --   --   --   --   --   --
  0x00   18   30   40   07   00   00   00   00   00   00   00   00   00   00   21   1e
  0x10   83   55   00   00   35   00   35   0b   00   00   20   00   00   00   00   00
  0x20   00   00   00   00   00   00   00   00   00   00   00   00   00   00   00   00
  0x30   00   00   00   00   00   00   00   00   00   00   00   00   00   00   00   00
  0x40   00   00   00   00   00   00   00   00   00   00   00   00   00   00   00   00
  0x50   00   00   00   00   00   02   0b   0d   44   11   ff   00   00   00   00   00
  0x60   00   00   00   00   00   00   00   00   00   00   00   00   00   00   00   00
  0x70   00   00   00   00   00   00   00   00   00   00   00   00   00   00   00   11
  QSFP-DD Upper Page 00h          :
  Addr   0    1    2    3    4    5    6    7    8    9    a    b    c    d    e    f
  ----   --   --   --   --   --   --   --   --   --   --   --   --   --   --   --   --
  0x80   18   4a   55   4e   49   50   45   52   2d   31   57   31   20   20   20   20
  0x90   20   20   1b   c9   37   34   30   2d   30   37   39   38   37   31   20   20
  0xa0   20   20   20   20   30   31   31   57   31   43   59   41   41   39   33   32
  0xb0   30   46   51   20   20   20   32   34   30   38   30   38   20   20   49   4e
  0xc0   55   49   41   46   52   41   41   41   60   20   00   25   00   00   00   00
  0xd0   00   00   00   00   04   00   00   00   00   00   00   00   00   00   74   31
  0xe0   57   31   59   41   41   20   20   20   20   20   20   20   20   20   20   30
  0xf0   31   06   00   00   00   00   00   00   00   00   00   00   00   00   00   00
  QSFP-DD Upper Page 01h          :
  Addr   0    1    2    3    4    5    6    7    8    9    a    b    c    d    e    f
  ----   --   --   --   --   --   --   --   --   --   --   --   --   --   --   --   --
  0x80   01   02   01   01   4a   00   00   00   00   00   65   bf   00   d2   04   df
  0x90   55   a0   46   00   00   00   93   10   04   f9   07   2f   07   07   06   1b
  0xa0   07   07   0f   00   00   00   00   00   00   00   00   00   00   00   00   00
  0xb0   11   00   00   00   00   00   00   00   00   00   00   00   00   00   00   00
  0xc0   00   00   00   00   00   00   00   00   00   00   00   00   00   00   00   00
  0xd0   00   00   00   00   00   00   00   00   00   00   00   00   00   00   00   00
  0xe0   00   00   00   00   00   00   00   00   00   00   00   00   00   00   00   00
  0xf0   00   00   00   00   00   00   00   00   00   00   00   00   00   00   00   93
  QSFP-DD Upper Page 02h          :
  Addr   0    1    2    3    4    5    6    7    8    9    a    b    c    d    e    f
  ----   --   --   --   --   --   --   --   --   --   --   --   --   --   --   --   --
  0x80   4c   00   fa   00   49   00   fd   00   8c   a0   73   3c   8a   ac   77   24
  0x90   00   00   00   00   00   00   00   00   41   00   23   00   3c   00   28   00
  0xa0   41   00   23   00   3c   00   28   00   00   00   00   00   00   00   00   00
  0xb0   8a   99   0b   87   6e   17   0e   83   af   c8   13   88   9c   40   27   10
  0xc0   ae   7c   01   5a   8a   99   02   25   00   00   00   00   00   00   00   00
  0xd0   00   00   00   00   00   00   00   00   00   00   00   00   00   00   00   00
  0xe0   00   00   00   00   00   00   00   00   00   00   00   00   00   00   00   00
  0xf0   00   00   00   00   00   00   00   00   00   00   00   00   00   00   00   87
  QSFP-DD Upper Page 03h          :
  Addr   0    1    2    3    4    5    6    7    8    9    a    b    c    d    e    f
  ----   --   --   --   --   --   --   --   --   --   --   --   --   --   --   --   --
  0x80   00   00   00   00   00   00   00   00   00   00   00   00   00   00   00   00
  0x90   00   00   00   00   00   00   00   00   00   00   00   00   00   00   00   00
  0xa0   00   00   00   00   00   00   00   00   00   00   00   00   00   00   00   00
  0xb0   00   00   00   00   00   00   00   00   00   00   00   00   00   00   00   00
  0xc0   00   00   00   00   00   00   00   00   00   00   00   00   00   00   00   00
  0xd0   00   00   00   00   00   00   00   00   00   00   00   00   00   00   00   00
  0xe0   00   00   00   00   00   00   00   00   00   00   00   00   00   00   00   00
  0xf0   00   00   00   00   00   00   00   00   00   00   00   00   00   00   00   00
  Upper Page 10h                  :
  Addr   0    1    2    3    4    5    6    7    8    9    a    b    c    d    e    f
  ----   --   --   --   --   --   --   --   --   --   --   --   --   --   --   --   --
  0x80   ff   00   00   ff   00   00   00   00   00   00   00   00   00   00   00   00
  0x90   00   11   11   11   11   19   19   19   19   00   00   00   66   66   66   66
  0xa0   ff   ff   00   00   00   00   00   00   00   00   22   22   22   22   00   00
  0xb0   00   00   00   00   00   00   00   00   00   00   00   00   00   00   00   00
  0xc0   00   00   00   00   00   00   00   00   00   00   00   00   00   00   00   00
  0xd0   00   00   00   00   00   00   00   00   00   00   00   00   00   00   00   00
  0xe0   00   00   00   00   00   00   00   00   00   00   00   00   00   00   00   00
  0xf0   00   00   00   00   00   00   00   00   00   00   00   00   00   00   00   00
  Upper Page 11h                  :
  Addr   0    1    2    3    4    5    6    7    8    9    a    b    c    d    e    f
  ----   --   --   --   --   --   --   --   --   --   --   --   --   --   --   --   --
  0x80   44   44   44   44   00   00   00   00   00   00   00   00   00   00   00   00
  0x90   00   00   00   00   00   00   00   00   00   00   3b   0e   31   3a   34   83
  0xa0   37   d7   30   f8   38   f8   2b   ab   3f   82   5b   17   61   6d   5a   0c
  0xb0   5f   90   5a   c5   60   1e   58   fe   5a   dd   2f   da   38   55   51   4d
  0xc0   4e   3c   31   bd   3c   5b   48   c5   37   4e   11   11   11   11   11   11
  0xd0   11   11   19   19   19   19   00   00   00   66   66   66   66   ff   ff   00
  0xe0   00   00   00   00   00   00   00   22   22   22   22   00   00   00   00   00
  0xf0   11   21   31   41   12   22   32   42   11   21   31   41   12   22   32   42
