
2-wire device address 0x50
  0x00:   03 04 07 20 . 00 00 00 00 - 00 00 00 06 . 67 00 0a 64
  0x10:   00 00 00 00 . 43 48 41 4d - 50 49 4f 4e . 20 4f 4e 45
  0x20:   20 20 20 20 . 00 00 00 00 - 31 30 47 53 . 46 50 2b 45
  0x30:   2d 4c 52 20 . 20 20 20 20 - 41 20 20 20 . 05 1e 00 0a
  0x40:   00 1a 00 00 . 41 54 46 30 - 47 35 4d 20 . 20 20 20 20
  0x50:   20 20 20 20 . 31 35 30 34 - 30 39 20 20 . 68 f0 02 db
  0x60:   00 00 00 00 . 00 00 00 00 - 00 00 00 00 . 00 00 00 00
  0x70:   00 00 00 00 . 00 00 00 00 - 00 00 00 00 . 00 00 00 00
  0x80:   00 00 00 00 . 00 00 00 00 - 00 00 00 00 . 00 00 00 00
  0x90:   00 00 00 00 . 00 00 00 00 - 00 00 00 00 . 00 00 00 00
  0xa0:   00 00 00 00 . 00 00 00 00 - 00 00 00 00 . 00 00 00 00
  0xb0:   00 00 00 00 . 00 00 00 00 - 00 00 00 00 . 00 00 00 00
  0xc0:   00 00 00 00 . 00 00 00 00 - 00 00 00 00 . 00 00 00 00
  0xd0:   00 00 00 00 . 00 00 00 00 - 00 00 00 00 . 00 00 00 00
  0xe0:   00 00 00 00 . 00 00 00 00 - 00 00 00 00 . 00 00 00 00
  0xf0:   00 00 00 00 . 00 00 00 00 - 00 00 00 00 . 00 00 00 00

2-wire device address 0x51
  0x00:   4e 00 f3 00 . 49 00 f8 00 - 90 88 71 48 . 8c a0 75 30
  0x10:   a6 04 1d 4c . 9c 40 27 10 - 3d e9 06 31 . 31 2d 07 cb
  0x20:   45 77 00 64 . 3d e9 00 9e - 00 00 00 00 . 00 00 00 00
  0x30:   00 00 00 00 . 00 00 00 00 - 00 00 00 00 . 00 00 00 00
  0x40:   00 00 00 00 . 3f 80 00 00 - 00 00 00 00 . 01 00 00 00
  0x50:   01 00 00 00 . 01 00 00 00 - 01 00 00 00 . 00 00 00 7e
  0x60:   22 e0 80 f8 . 00 00 01 0a - 00 00 00 00 . 00 00 00 00
  0x70:   05 40 00 00 . 05 40 00 00 - 00 00 00 00 . 00 00 00 00
  0x80:   00 00 00 00 . 00 00 00 00 - 00 00 00 00 . 00 00 00 00
  0x90:   00 00 00 00 . 00 00 00 00 - 00 00 00 00 . 00 00 00 00
  0xa0:   00 00 00 00 . 00 00 00 00 - 00 00 00 00 . 00 00 00 00
  0xb0:   00 00 00 00 . 00 00 00 00 - 00 00 00 00 . 00 00 00 00
  0xc0:   00 00 00 00 . 00 00 00 00 - 00 00 00 00 . 00 00 00 00
  0xd0:   00 00 00 00 . 00 00 00 00 - 00 00 00 00 . 00 00 00 00
  0xe0:   00 00 00 00 . 00 00 00 00 - 00 00 00 00 . 00 00 00 00
  0xf0:   00 00 00 00 . 00 00 00 00 - 00 00 00 00 . 00 00 00 00

