
2-wire device address 0x50
  0x00:   03 04 07 20 . 00 00 00 20 - 00 01 00 06 . 67 00 14 c8
  0x10:   00 00 00 00 . 46 53 20 20 - 20 20 20 20 . 20 20 20 20
  0x20:   20 20 20 20 . 00 00 00 00 - 53 46 50 2d . 31 30 47 2d
  0x30:   42 58 20 20 . 20 20 20 20 - 20 20 20 20 . 04 f6 00 b0
  0x40:   00 1a 00 00 . 46 32 30 31 - 30 37 31 35 . 37 36 38 20
  0x50:   20 20 20 20 . 31 39 31 32 - 30 34 20 20 . 68 f0 03 d1
  0x60:   00 00 08 08 . ea 30 98 03 - c6 c4 d9 cf . cb 8b d8 49
  0x70:   0c 22 4f 00 . 00 00 00 00 - 00 00 00 00 . a1 06 0b e6
  0x80:   00 00 00 00 . 00 00 00 00 - 00 00 00 00 . 00 00 00 00
  0x90:   00 00 00 00 . 00 00 00 00 - 00 00 00 00 . 00 00 00 00
  0xa0:   00 00 00 00 . 00 00 00 00 - 00 00 00 00 . 00 00 00 00
  0xb0:   00 00 00 00 . 00 00 00 00 - 00 00 00 00 . 00 00 00 00
  0xc0:   00 00 00 00 . 00 00 00 00 - 00 00 00 00 . 00 00 00 00
  0xd0:   00 00 00 00 . 00 00 00 00 - 00 00 00 00 . 00 00 00 00
  0xe0:   00 00 00 00 . 00 00 00 00 - 00 00 00 00 . 00 00 00 00
  0xf0:   00 00 00 00 . 00 00 00 00 - 00 00 00 00 . 00 00 00 00

2-wire device address 0x51
  0x00:   5f 00 ce 00 . 55 00 d8 00 - 8c a0 75 30 . 88 b8 79 18
  0x10:   c3 50 09 c4 . af c8 09 c4 - 57 73 03 bb . 45 77 05 ea
  0x20:   57 73 00 e5 . 45 77 01 6b - 00 00 00 00 . 00 00 00 00
  0x30:   00 00 00 00 . 00 00 00 00 - 00 00 00 00 . 00 00 00 00
  0x40:   00 00 00 00 . 3f 80 00 00 - 00 00 00 00 . 01 00 00 00
  0x50:   01 00 00 00 . 01 00 00 00 - 01 00 00 00 . 00 00 00 ed
  0x60:   1c 4b 80 e0 . 3c 00 1b 76 - 0a 21 00 00 . 00 00 00 00
  0x70:   00 00 00 00 . 00 00 00 00 - 00 00 00 00 . 00 00 00 00
  0x80:   00 00 00 00 . 00 00 00 00 - 00 00 00 00 . 00 00 00 00
  0x90:   00 00 00 00 . 00 00 00 00 - 00 00 00 00 . 00 00 00 00
  0xa0:   00 00 00 00 . 00 00 00 00 - 00 00 00 00 . 00 00 00 00
  0xb0:   00 00 00 00 . 00 00 00 00 - 00 00 00 00 . 00 00 00 00
  0xc0:   00 00 00 00 . 00 00 00 00 - 00 00 00 00 . 00 00 00 00
  0xd0:   00 00 00 00 . 00 00 00 00 - 00 00 00 00 . 00 00 00 00
  0xe0:   00 00 00 00 . 00 00 00 00 - 00 00 00 00 . 00 00 00 00
  0xf0:   00 00 00 00 . 00 00 00 00 - 00 00 00 00 . 00 00 00 00

