
2-wire device address 0x50
  0x00:   03 04 07 20 . 00 00 00 00 - 00 00 00 06 . 67 00 0a 64
  0x10:   00 00 00 00 . 46 53 20 20 - 20 20 20 20 . 20 20 20 20
  0x20:   20 20 20 20 . 00 64 9d 99 - 53 46 50 2d . 31 30 47 4c
  0x30:   52 2d 33 31 . 20 20 20 20 - 41 20 20 20 . 05 1e 00 2d
  0x40:   00 1a 00 00 . 47 32 31 33 - 30 35 31 35 . 32 31 33 20
  0x50:   20 20 20 20 . 32 32 30 32 - 32 32 20 20 . 68 f0 03 bd
  0x60:   37 34 30 2d . 30 33 31 39 - 38 31 20 52 . 45 56 20 30
  0x70:   31 00 00 00 . 00 00 00 00 - 00 00 00 00 . 00 00 00 00
  0x80:   00 00 00 00 . 00 00 00 00 - 00 00 00 00 . 00 00 00 00
  0x90:   00 00 00 00 . 00 00 00 00 - 00 00 00 00 . 00 00 00 00
  0xa0:   00 00 00 00 . 00 00 00 00 - 00 00 00 00 . 00 00 00 00
  0xb0:   00 00 00 00 . 00 00 00 00 - 00 00 00 00 . 00 00 00 00
  0xc0:   00 00 00 00 . 00 00 00 00 - 00 00 00 00 . 00 00 00 00
  0xd0:   00 00 00 00 . 00 00 00 00 - 00 00 00 00 . 00 00 00 00
  0xe0:   00 00 00 00 . 00 00 00 00 - 00 00 00 00 . 00 00 00 00
  0xf0:   00 00 00 00 . 00 00 00 00 - 00 00 00 00 . 00 00 00 00

2-wire device address 0x51
  0x00:   4b 00 fb 00 . 46 00 00 00 - 8d cc 74 04 . 87 5a 7a 76
  0x10:   d6 d8 01 f4 . c3 50 03 e8 - 57 73 02 5b . 2b d4 05 ea
  0x20:   57 73 00 91 . 2b d4 01 6b - 00 00 00 00 . 00 00 00 00
  0x30:   00 00 00 00 . 00 00 00 00 - 00 00 00 00 . 00 00 00 00
  0x40:   00 00 00 00 . 3f 80 00 00 - 00 00 00 00 . 01 00 00 00
  0x50:   01 00 00 00 . 01 00 00 00 - 01 00 00 00 . 00 00 00 6d
  0x60:   21 fb 81 01 . 44 53 15 05 - 15 00 00 00 . 00 00 00 00
  0x70:   00 00 00 00 . 00 00 00 00 - 00 00 00 00 . 00 00 00 00
  0x80:   00 00 00 00 . 00 00 00 00 - 00 00 00 00 . 00 00 00 00
  0x90:   00 00 00 00 . 00 00 00 00 - 00 00 00 00 . 00 00 00 00
  0xa0:   00 00 00 00 . 00 00 00 00 - 00 00 00 00 . 00 00 00 00
  0xb0:   00 00 00 00 . 00 00 00 00 - 00 00 00 00 . 00 00 00 00
  0xc0:   00 00 00 00 . 00 00 00 00 - 00 00 00 00 . 00 00 00 00
  0xd0:   00 00 00 00 . 00 00 00 00 - 00 00 00 00 . 00 00 00 00
  0xe0:   00 00 00 00 . 00 00 00 00 - 00 00 00 00 . 00 00 00 00
  0xf0:   00 00 00 00 . 00 00 00 00 - 00 00 00 00 . 00 00 00 00

