
2-wire device address 0x50
  0x00:   03 04 07 20 . 00 00 00 00 - 00 00 00 06 . 67 00 14 64
  0x10:   00 00 00 00 . 46 53 20 20 - 20 20 20 20 . 20 20 20 20
  0x20:   20 20 20 20 . 00 64 9d 99 - 53 46 50 2d . 31 30 47 2d
  0x30:   42 58 20 20 . 20 20 20 20 - 41 20 20 20 . 04 f6 00 e6
  0x40:   00 1a 00 00 . 47 32 33 34 - 30 34 33 32 . 34 36 32 20
  0x50:   20 20 20 20 . 32 34 30 31 - 32 32 20 20 . 68 f0 03 c5
  0x60:   37 34 30 2d . 30 33 31 39 - 38 31 20 52 . 45 56 20 30
  0x70:   31 00 00 00 . 00 00 00 00 - 00 00 00 00 . 00 00 00 00
  0x80:   00 00 00 00 . 00 00 00 00 - 00 00 00 00 . 00 00 00 00
  0x90:   00 00 00 00 . 00 00 00 00 - 00 00 00 00 . 00 00 00 00
  0xa0:   00 00 00 00 . 00 00 00 00 - 00 00 00 00 . 00 00 00 00
  0xb0:   00 00 00 00 . 00 00 00 00 - 00 00 00 00 . 00 00 00 00
  0xc0:   00 00 00 00 . 00 00 00 00 - 00 00 00 00 . 00 00 00 00
  0xd0:   00 00 00 00 . 00 00 00 00 - 00 00 00 00 . 00 00 00 00
  0xe0:   00 00 00 00 . 00 00 00 00 - 00 00 00 00 . 00 00 00 00
  0xf0:   00 00 00 00 . 00 00 00 00 - 00 00 00 00 . 00 00 00 00

2-wire device address 0x51
  0x00:   58 00 d5 00 . 55 00 d8 00 - 8d cc 74 04 . 87 28 7a 44
  0x10:   af c8 13 88 . a6 04 1d 4c - 3d e9 03 e8 . 2b d4 05 85
  0x20:   45 77 00 e0 . 2b d4 01 63 - 00 00 00 00 . 00 00 00 00
  0x30:   00 00 00 00 . 00 00 00 00 - 00 00 00 00 . 00 00 00 00
  0x40:   00 00 00 00 . 3f 80 00 00 - 00 00 00 00 . 01 00 00 00
  0x50:   01 00 00 00 . 01 00 00 00 - 01 00 00 00 . 00 00 00 19
  0x60:   25 f2 7e f5 . 4d 49 1b 96 - 00 01 00 00 . 00 00 00 00
  0x70:   00 40 00 00 . 00 40 00 00 - 00 00 00 00 . 00 00 00 00
  0x80:   00 00 00 00 . 00 00 00 00 - 00 00 00 00 . 00 00 00 00
  0x90:   00 00 00 00 . 00 00 00 00 - 00 00 00 00 . 00 00 00 00
  0xa0:   00 00 00 00 . 00 00 00 00 - 00 00 00 00 . 00 00 00 00
  0xb0:   00 00 00 00 . 00 00 00 00 - 00 00 00 00 . 00 00 00 00
  0xc0:   00 00 00 00 . 00 00 00 00 - 00 00 00 00 . 00 00 00 00
  0xd0:   00 00 00 00 . 00 00 00 00 - 00 00 00 00 . 00 00 00 00
  0xe0:   00 00 00 00 . 00 00 00 00 - 00 00 00 00 . 00 00 00 00
  0xf0:   00 00 00 00 . 00 00 00 00 - 00 00 00 00 . 00 00 00 00

