0x00=18400407000000000000000000002fb8811f0000000034860000200000000000000000000001000304000000000000000000000000000000000000000000000000000000000000000000000000000000000000030402111e840111438401ff0000000000000000000000000000000000000000000000000000000000000000111843494720202020202020202020202020000b4054524435483230454e462d4c4630303030315332324a423035525220202020202020323230393236202020202020202020202020a0300007000000000000f00006000000000000000000d6000000000000000000000000000000000000000000000000000000000000000000


0x01=18400407000000000000000000002fb8811f0000000034860000200000000000000000000001000304000000000000000000000000000000000000000000000000000000000000000000000000000000000000030402111e840111438401ff000000000000000000000000000000000000000000000000000000000000000011030402004a000000000065a4051424f017c2460000009c1a00fa773b03070613075d3d77ff00003822000000000000000101000000000000000000000000000000000000000000000000000000000000000000000000000000000000000000000000000000000000000000000000000000000000000000000000000000000099

  QSFP-DD Lower Page               :
  Addr   0    1    2    3    4    5    6    7    8    9    a    b    c    d    e    f
  ----   --   --   --   --   --   --   --   --   --   --   --   --   --   --   --   --
  0x00   18   40   04   07   00   00   00   00   00   00   00   00   00   00   2f   b8
  0x10   81   1f   00   00   00   00   34   86   00   00   20   00   00   00   00   00
  0x20   00   00   00   00   00   01   00   03   04   00   00   00   00   00   00   00
  0x30   00   00   00   00   00   00   00   00   00   00   00   00   00   00   00   00
  0x40   00   00   00   00   00   00   00   00   00   00   00   00   00   00   00   00
  0x50   00   00   00   03   04   02   11   1e   84   01   11   43   84   01   ff   00
  0x60   00   00   00   00   00   00   00   00   00   00   00   00   00   00   00   00
  0x70   00   00   00   00   00   00   00   00   00   00   00   00   00   00   00   11
  QSFP-DD Upper Page 00h           :
  Addr   0    1    2    3    4    5    6    7    8    9    a    b    c    d    e    f
  ----   --   --   --   --   --   --   --   --   --   --   --   --   --   --   --   --
  0x80   18   43   49   47   20   20   20   20   20   20   20   20   20   20   20   20
  0x90   20   00   0b   40   54   52   44   35   48   32   30   45   4e   46   2d   4c
  0xa0   46   30   30   30   30   31   53   32   32   4a   42   30   35   52   52   20
  0xb0   20   20   20   20   20   20   32   32   30   39   32   36   20   20   20   20
  0xc0   20   20   20   20   20   20   20   20   a0   30   00   07   00   00   00   00
  0xd0   00   00   f0   00   06   00   00   00   00   00   00   00   00   00   d6   00
  0xe0   00   00   00   00   00   00   00   00   00   00   00   00   00   00   00   00
  0xf0   00   00   00   00   00   00   00   00   00   00   00   00   00   00   00   00

  QSFP-DD Upper Page 01h           :
  Addr   0    1    2    3    4    5    6    7    8    9    a    b    c    d    e    f
  ----   --   --   --   --   --   --   --   --   --   --   --   --   --   --   --   --
  0x80   03   04   02   00   4a   00   00   00   00   00   65   a4   05   14   24   f0
  0x90   17   c2   46   00   00   00   9c   1a   00   fa   77   3b   03   07   06   13
  0xa0   07   5d   3d   77   ff   00   00   38   22   00   00   00   00   00   00   00
  0xb0   01   01   00   00   00   00   00   00   00   00   00   00   00   00   00   00
  0xc0   00   00   00   00   00   00   00   00   00   00   00   00   00   00   00   00
  0xd0   00   00   00   00   00   00   00   00   00   00   00   00   00   00   00   00
  0xe0   00   00   00   00   00   00   00   00   00   00   00   00   00   00   00   00
  0xf0   00   00   00   00   00   00   00   00   00   00   00   00   00   00   00   99
  QSFP-DD Upper Page 02h           :
  Addr   0    1    2    3    4    5    6    7    8    9    a    b    c    d    e    f
  ----   --   --   --   --   --   --   --   --   --   --   --   --   --   --   --   --
  0x80   4b   00   fb   00   46   00   00   00   8d   cc   74   04   87   5a   7a   76
  0x90   00   00   00   00   00   00   00   00   00   00   00   00   00   00   00   00
  0xa0   3f   80   29   80   3c   80   2c   80   00   00   00   00   00   00   00   00
  0xb0   9f   22   0a   84   7e   67   14   fa   c3   50   30   d4   af   c8   44   5c
  0xc0   9f   22   02   77   7e   67   04   eb   00   00   00   00   00   00   00   00
  0xd0   00   00   00   00   00   00   00   00   00   00   00   00   00   00   00   00
  0xe0   00   00   00   00   00   00   00   00   00   00   00   00   00   00   00   00
  0xf0   00   00   00   00   00   00   00   00   00   00   00   00   00   00   00   7c
  Upper Page 10h                   :
  Addr   0    1    2    3    4    5    6    7    8    9    a    b    c    d    e    f
  ----   --   --   --   --   --   --   --   --   --   --   --   --   --   --   --   --
  0x80   00   00   00   00   00   00   00   00   00   00   00   00   00   00   00   00
  0x90   00   10   10   10   10   10   10   10   10   ff   00   00   00   00   00   00
  0xa0   ff   ff   22   22   22   22   00   00   00   00   33   33   33   33   00   00
  0xb0   00   00   00   00   21   21   21   21   21   21   21   21   ff   00   00   00
  0xc0   00   00   00   ff   ff   22   22   22   22   00   00   00   00   33   33   33
  0xd0   33   00   00   00   00   00   00   00   00   00   00   00   00   00   00   00
  0xe0   00   00   00   00   00   00   00   00   00   00   00   00   00   00   00   00
  0xf0   00   00   00   00   00   00   00   00   00   00   00   00   00   00   00   00
  Upper Page 11h                   :
  Addr   0    1    2    3    4    5    6    7    8    9    a    b    c    d    e    f
  ----   --   --   --   --   --   --   --   --   --   --   --   --   --   --   --   --
  0x80   44   44   44   44   00   00   00   00   00   00   00   00   00   00   00   00
  0x90   00   00   00   00   00   00   00   00   00   00   55   52   56   4c   54   9b
  0xa0   56   1b   00   00   00   00   00   00   00   00   74   17   68   74   61   a8
  0xb0   61   a8   00   00   00   00   00   00   00   00   48   1a   4b   bf   43   25
  0xc0   46   81   00   00   00   00   00   00   00   00   11   11   11   11   10   10
  0xd0   10   10   10   10   10   10   ff   00   00   00   00   00   00   ff   ff   22
  0xe0   22   22   22   00   00   00   00   33   33   33   33   00   00   00   00   00
  0xf0   11   21   31   41   00   00   00   00   11   21   31   41   00   00   00   00

