
  QSFP IDEEPROM (Low Page 00h - Diagnostics):
    Address 0x00: 11 07 00 0f 00 0f 00 00 00 00 00 00 00 00 00 00 
    Address 0x10: 00 00 00 00 00 00 23 84 00 00 82 34 00 00 00 00 
    Address 0x20: 00 00 00 63 00 6f 00 6f 00 7c 80 14 80 14 89 3a 
    Address 0x30: 60 0f 22 f0 25 af 28 d2 27 31 00 00 00 00 00 00 
    Address 0x40: 00 00 00 00 00 00 00 00 00 00 00 00 00 00 00 00 
    Address 0x50: 00 00 00 00 00 00 00 00 00 00 00 00 00 05 00 00 
    Address 0x60: 00 00 ff 00 00 00 00 00 00 00 00 00 00 00 00 00 
    Address 0x70: 00 00 00 00 00 00 00 00 00 00 00 00 00 00 00 00 
  QSFP IDEEPROM (Upper Page 00h - Identifier):
    Address 0x80: 11 fc 07 80 00 00 00 00 00 00 00 03 ff 00 28 ff 
    Address 0x90: 00 00 00 40 51 53 46 50 54 45 4b 20 20 20 20 20 
    Address 0xa0: 20 20 20 20 07 44 7c 7f 51 54 2d 51 53 46 50 32 
    Address 0xb0: 38 2d 45 52 34 20 20 20 31 41 66 58 06 1e 46 e9 
    Address 0xc0: 04 00 3f d6 51 54 31 34 32 34 31 30 32 38 30 30 
    Address 0xd0: 34 20 20 20 32 34 31 30 32 38 20 20 0c 00 68 2d 
    Address 0xe0: 37 34 30 2d 30 35 38 37 33 32 20 52 45 56 20 30 
    Address 0xf0: 31 20 20 20 20 20 20 20 20 20 20 20 20 20 20 20 
  QSFP IDEEPROM (Upper Page 03h):
    Address 0x80: 4b 00 fb 00 46 00 00 00 00 00 00 00 00 00 00 00 
    Address 0x90: 8d cc 74 04 87 5a 7a 76 00 00 00 00 00 00 00 00 
    Address 0xa0: 00 00 00 00 00 00 00 00 00 00 00 00 00 00 00 00 
    Address 0xb0: 15 f7 00 2c 11 72 00 59 d6 d8 27 10 c3 50 3a 98 
    Address 0xc0: db aa 0d dc ae 7c 15 f7 00 00 00 00 00 00 00 00 
    Address 0xd0: 00 00 00 00 00 00 00 00 00 00 00 00 00 00 00 00 
    Address 0xe0: a7 0f 00 00 00 00 00 00 00 00 00 00 00 00 33 33 
    Address 0xf0: 00 00 00 00 00 00 00 00 00 00 00 00 00 00 00 00 

